BSVZGPW
JVBCZF
VLMHNZDC
LDMZPFJB
VFCGJBQH
GFQTSLB
LGCZV
NLG
JFHC
5 4 7
8 5 9
6 2 8
7 7 9
1 7 4
2 7 4
9 8 4
16 9 7
1 3 8
15 4 5
3 9 5
2 3 5
1 8 7
3 1 7
5 3 5
13 7 2
5 7 1
7 2 6
2 7 8
3 6 5
2 8 2
2 6 1
11 1 7
2 2 9
8 6 5
2 9 6
3 6 4
1 4 7
22 5 6
13 6 9
5 2 7
6 5 8
13 7 2
2 4 6
5 6 3
2 7 5
3 3 6
2 6 2
8 2 4
2 4 7
2 2 9
5 4 5
2 3 2
1 5 4
6 5 9
1 7 3
1 5 9
5 5 1
1 6 8
1 5 8
4 6 9
8 8 9
1 3 6
4 1 7
3 6 4
7 2 6
27 9 8
3 4 7
6 8 1
1 4 6
1 2 7
7 6 3
1 4 3
4 1 6
1 9 2
1 2 4
1 4 5
3 9 4
5 7 8
2 5 6
4 6 9
10 8 3
2 4 7
3 1 7
2 9 6
6 3 1
7 3 4
2 1 9
4 1 9
1 3 6
1 3 8
2 9 5
2 5 3
3 3 1
1 4 6
5 7 6
2 3 4
2 8 1
9 4 7
4 9 3
2 8 3
1 1 4
1 6 2
1 2 9
6 3 5
2 1 3
1 3 2
1 2 9
8 6 8
2 6 3
1 1 2
7 7 9
13 8 6
1 2 8
6 9 3
1 1 6
2 8 5
5 3 4
2 8 1
8 5 2
4 3 2
5 8 4
2 9 4
4 4 7
10 2 6
1 2 9
24 6 1
17 1 8
1 9 2
2 4 9
10 7 4
1 2 5
5 9 1
1 7 6
12 8 6
1 7 5
2 5 6
16 6 8
12 1 6
2 1 7
9 6 2
2 4 1
1 1 5
7 4 6
13 8 2
5 8 2
2 7 3
2 4 9
1 5 4
3 9 8
2 4 2
2 3 8
1 1 5
1 4 8
6 2 7
1 5 8
1 6 2
7 6 8
1 6 2
24 2 1
10 8 3
4 8 2
4 7 1
5 2 9
1 6 2
10 3 1
2 7 3
2 3 7
2 7 9
35 1 5
28 5 6
2 2 7
19 6 4
3 1 2
3 2 5
23 4 7
2 6 8
4 7 6
3 5 6
13 7 4
2 5 6
2 9 4
5 6 3
6 4 5
1 4 8
4 4 6
5 9 7
2 8 7
5 3 2
4 5 2
5 2 9
4 8 4
1 9 8
2 2 6
4 4 2
3 2 3
3 5 1
2 3 2
3 1 4
1 9 4
5 4 9
2 4 3
5 6 8
1 9 7
2 6 3
1 4 5
1 9 4
6 8 6
2 3 6
2 9 4
2 3 9
1 3 1
17 6 4
1 1 8
1 6 5
1 9 2
11 4 6
9 4 5
7 9 4
2 5 2
1 4 9
5 2 1
1 2 9
4 4 9
4 1 5
1 1 7
1 8 9
8 7 8
4 7 4
9 5 2
2 4 1
11 6 8
2 4 3
2 4 8
1 1 4
3 2 8
1 1 3
3 3 9
8 9 6
1 4 8
2 9 3
5 6 9
7 5 6
2 3 4
5 7 9
2 4 5
2 2 3
10 9 5
2 6 3
6 2 7
10 5 3
6 7 1
2 1 7
4 3 9
3 8 2
2 7 5
19 8 7
4 5 9
4 9 8
1 2 5
3 6 8
1 5 9
5 9 7
6 3 8
1 3 8
2 3 2
23 7 6
10 8 4
4 4 9
4 2 6
1 3 8
4 8 4
31 6 4
9 4 5
8 5 3
1 6 7
2 5 7
4 9 2
21 4 8
4 2 9
3 3 9
2 7 9
11 4 9
1 8 5
1 5 9
9 9 3
3 1 5
2 5 8
11 3 6
4 6 3
2 8 3
10 9 6
22 8 9
1 1 8
4 6 3
2 7 6
3 8 3
14 3 2
1 3 4
1 2 4
2 9 1
1 5 7
1 3 2
14 6 5
13 5 2
1 5 6
1 7 9
8 9 4
2 6 7
23 2 4
2 1 4
2 2 5
1 5 1
1 7 2
1 5 9
16 9 5
1 2 4
13 5 3
1 1 4
1 7 1
1 5 3
2 5 7
2 7 1
9 3 2
2 1 7
1 1 9
19 4 2
1 9 7
1 7 8
23 2 8
2 7 2
12 4 5
12 5 1
5 2 9
2 2 7
5 8 1
3 9 4
1 2 8
1 2 4
4 8 1
2 3 1
2 7 5
1 4 9
8 4 7
13 8 6
1 3 1
13 6 7
13 7 6
7 1 4
5 7 3
3 4 3
13 6 1
3 8 6
8 3 8
12 1 8
1 3 5
6 1 7
3 6 8
1 3 8
1 9 2
3 5 6
1 7 3
8 7 1
2 6 2
3 4 3
2 9 2
6 8 9
5 2 5
2 3 4
5 5 4
1 3 9
8 4 5
1 6 8
2 1 4
1 1 4
3 1 5
3 1 6
7 1 9
2 6 9
1 3 5
17 8 7
17 7 6
5 5 2
5 2 1
13 6 2
1 1 4
5 5 1
1 1 5
10 9 1
13 1 8
13 8 4
5 6 7
8 1 7
1 1 3
12 2 6
1 3 8
6 6 2
2 5 1
5 2 5
2 5 9
12 4 2
1 6 2
15 2 1
1 8 6
2 7 3
2 4 2
1 2 9
1 2 6
7 7 3
1 4 1
17 1 2
3 6 4
1 3 8
3 9 6
4 6 3
13 2 9
3 2 8
2 5 1
6 8 2
1 6 2
3 2 7
3 1 6
2 9 8
6 9 8
8 9 3
7 7 4
20 3 7
4 6 8
1 8 6
2 6 4
3 2 1
2 9 6
9 8 6
3 1 9
9 4 8
1 5 6
3 4 2
1 5 3
8 6 4
4 9 3
10 8 6
5 2 3
3 6 4
10 3 1
11 4 1
1 8 2
2 4 2
1 4 9
10 6 3
21 1 5
2 2 7
1 9 6
1 6 3
1 6 7
11 5 6
1 2 8
1 5 9
11 6 3
1 8 4
1 4 1
3 5 7
1 1 5
5 5 8
23 7 9
5 8 4
1 5 2
12 3 4
6 3 6
1 5 2
8 9 2
1 7 8
2 7 9
4 3 5
1 5 9
1 6 5
4 6 5
3 2 1
3 1 3
8 9 1
4 2 9
1 9 7
14 4 8
3 3 4
1 5 8
2 8 6
2 6 7
4 4 3
12 9 1
1 3 2
6 8 2
1 7 1
5 2 3
21 1 3
5 5 4
1 8 5
2 2 7
1 6 1
2 9 2
1 2 9
1 1 5
4 3 5
7 8 1
6 1 9
1 2 5
6 9 7
8 3 4
2 4 8
1 1 6
10 3 9
12 4 2
1 8 1
